%YAML:1.0
---
CameraExtrinsicMat: !!opencv-matrix
   rows: 4
   cols: 4
   dt: d
   data: [ -4.7960198781877850e-03, 3.1304403646173207e-02,
       9.9949839044677080e-01, -4.5689627698156141e-02,
       -9.9973655290870056e-01, -2.2585358602097427e-02,
       -4.0897866745939759e-03, 6.5025184031497416e-02,
       2.2446001237571234e-02, -9.9925469020123803e-01,
       3.1404476420899385e-02, -3.5787671392894876e-02, 0., 0., 0., 1. ]
CameraMat: !!opencv-matrix
   rows: 3
   cols: 3
   dt: d
   data: [ 2.0023763587289027e+03, 0., 9.7673547550598232e+02, 0.,
       2.0013129545685367e+03, 4.5425556053902318e+02, 0., 0., 1. ]
DistCoeff: !!opencv-matrix
   rows: 1
   cols: 5
   dt: d
   data: [ -5.8161460479301474e-01, 3.5051742704700162e-01,
       1.2981029423753350e-02, -5.1192330173525638e-03,
       0 ]
ImageSize: [ 1920, 1020 ]
ReprojectionError: 9.6919893293411086e-01
